READS: 15
WRITES: 5
HITS: 13
MISSES: 2
HIT RATE:0.866667
MISS RATE:0.133333
