READS: 7
WRITES: 3
HITS: 2
MISSES: 5
HIT RATE:0.285714
MISS RATE:0.714286
