READS: 11
WRITES: 9
HITS: 8
MISSES: 3
HIT RATE:0.727273
MISS RATE:0.272727
